0 0 0 10 10 32
0 0 0 0 0 0 0 0 0 0
0 0 0 0006 0006 0006 0 0 0 0
0 0 0012 0006 0006 0012 0 0012 0006 0
0 0006 0006 0012 0006 0006 0012 0006 0006 0
0 0006 0012 0006 0006 0006 0006 0006 0006 0
0 0006 0006 0006 0006 0006 0006 0012 0006 0
0 0006 0006 0012 0006 0006 0012 0006 0006 0
0 0 0012 0 0012 0006 0006 0012 0 0
0 0 0 0 0006 0006 0006 0 0 0
0 0 0 0 0 0 0 0 0 0
0007 0001 0001 0001 0001 0001 0001 0001 0001 0008
0003 0002 0002 0002 0002 0002 0002 0002 0002 0004
0003 0002 0002 0002 0002 0002 0002 0002 0002 0004
0003 0002 0002 0002 0002 0002 0002 0002 0002 0004
0003 0002 0002 0002 0002 0002 0002 0002 0002 0004
0003 0002 0002 0002 0002 0002 0002 0002 0002 0004
0003 0002 0002 0002 0002 0002 0002 0002 0002 0004
0003 0002 0002 0002 0002 0002 0002 0002 0002 0004
0003 0002 0002 0002 0002 0002 0002 0002 0002 0004
0009 0005 0005 0005 0005 0005 0005 0005 0005 0010
0 0 0 0 0 0 0 0 0 0
0 0 0 0 0 0 0 0 0 0
0 0 0 0 0 0 0 0 0 0
0 0 0 0 0 0 0 0 0 0
0 0 0 0 0 0 0 0 0 0
0 0 0 0 0 0 0 0 0 0
0 0 0 0 0 0 0 0 0 0
0 0 0 0 0 0 0 0 0 0
0 0 0 0 0 0 0 0 0 0
0 0 0 0 0 0 0 0 0 0
